BL: -3.15159
A1: 21714.5
X1: -106.119
W1: 525.585
A2: 1978.26
X2: -6.71984
W2: 77.5984
A3: 2600.18
X3: 126.344
W3: 123.259
LOW: 18
LIMIT: 23
